{
 "cells": [
  {
   "cell_type": "code",
   "execution_count": 2,
   "metadata": {},
   "outputs": [
    {
     "name": "stdout",
     "output_type": "stream",
     "text": [
      "[[ 64.19907524  -6.39142058   0.3300012   37.27982374  51.54086156]\n",
      " [ -6.39142058  67.45560027   2.25102024   6.17872756 -42.89946272]\n",
      " [  0.3300012    2.25102024  14.84011425 -20.59019785  20.51452593]\n",
      " [ 37.27982374   6.17872756 -20.59019785  96.41297897  43.74975681]\n",
      " [ 51.54086156 -42.89946272  20.51452593  43.74975681 157.46535705]]\n",
      "(array([216.37561647, 100.08410035,  34.17658276,  49.38342505,\n",
      "         0.35340114]), array([[-0.37850527,  0.22754263, -0.87840887, -0.18262938,  0.0015737 ],\n",
      "       [ 0.23120478,  0.49272987,  0.19133505, -0.78356889,  0.23059125],\n",
      "       [-0.03987157, -0.24071506,  0.03886613, -0.41177417, -0.87715334],\n",
      "       [-0.39238419,  0.74061481,  0.29263578,  0.32566007, -0.32532163],\n",
      "       [-0.80481241, -0.31462293,  0.3234849 , -0.27758576,  0.2675688 ]]))\n",
      "------------------------below is svd decomposition---------------------\n",
      "[[-0.37850527  0.22754263 -0.18262938  0.87840887 -0.0015737 ]\n",
      " [ 0.23120478  0.49272987 -0.78356889 -0.19133505 -0.23059125]\n",
      " [-0.03987157 -0.24071506 -0.41177417 -0.03886613  0.87715334]\n",
      " [-0.39238419  0.74061481  0.32566007 -0.29263578  0.32532163]\n",
      " [-0.80481241 -0.31462293 -0.27758576 -0.3234849  -0.2675688 ]]\n",
      "[[-0.47161367  0.40366129 -0.18712654 -0.53753145 -0.53914906]\n",
      " [-0.58895572 -0.18130198 -0.03556634 -0.32547507  0.71628331]\n",
      " [-0.38073863  0.62201065 -0.03635313  0.66748673  0.1458793 ]\n",
      " [-0.53411819 -0.60865908  0.19140749  0.36434304 -0.41817366]\n",
      " [ 0.02162339 -0.21638863 -0.96216439  0.16383386 -0.01032175]]\n",
      "\n",
      "------------------------below is solving the linear system---------------------\n",
      "[ 0.68963785 -0.18408741  0.54130037  0.20607274 -0.07084627]\n",
      "\n",
      "------------------------below is solving the linear system by svd components ---------------------\n",
      "[ 0.68963785 -0.18408741  0.54130038  0.20607275 -0.07084627]\n"
     ]
    }
   ],
   "source": [
    "from numpy import linalg as LA\n",
    "from numpy import array\n",
    "from math import sqrt\n",
    "import numpy as np\n",
    "\n",
    "\n",
    "a = array([[1.025,2.09142,-0.313,6.1,5.78],[1.24,-2.435,1.3324,2.67,8.114],[7.01,1.2048,-1.245,5.60931,1.335],\\\n",
    "           [3.214,-6.221,0.9243,-1.693,7.2431],[1.4632,4.1231,3.25,-4.2123,1.9938]])\n",
    "b = array([1,2,5,3,1])\n",
    "print (a.T.dot(a) )\n",
    "print ( LA.eig((a.T.dot(a)))  )\n",
    "print(\"------------------------below is svd decomposition---------------------\")\n",
    "\n",
    "\n",
    "u,s,vt = LA.svd(a)\n",
    "\n",
    "\n",
    "print(vt.T)\n",
    "print(u)\n",
    "\n",
    "\n",
    "\n",
    "print(\"\\n------------------------below is solving the linear system---------------------\")\n",
    "x = LA.solve(a,b)\n",
    "print(x)\n",
    "\n",
    "\n",
    "print(\"\\n------------------------below is solving the linear system by svd components ---------------------\")\n",
    "diag_eigenvector = array([[1/sqrt(216.37561647),0,0,0,0],\\\n",
    "                          [0,1/sqrt(100.08410035),0,0,0],\\\n",
    "                          [0,0,1/sqrt(49.38342505),0,0],\\\n",
    "                          [0,0,0,1/sqrt(34.17658276),0],\\\n",
    "                          [0,0,0,0,1/sqrt(0.35340114)]])\n",
    "x_svd = vt.T.dot(diag_eigenvector).dot(u.T).dot(b)\n",
    "print(x_svd)\n"
   ]
  },
  {
   "cell_type": "code",
   "execution_count": null,
   "metadata": {},
   "outputs": [],
   "source": []
  }
 ],
 "metadata": {
  "kernelspec": {
   "display_name": "Python 3",
   "language": "python",
   "name": "python3"
  },
  "language_info": {
   "codemirror_mode": {
    "name": "ipython",
    "version": 3
   },
   "file_extension": ".py",
   "mimetype": "text/x-python",
   "name": "python",
   "nbconvert_exporter": "python",
   "pygments_lexer": "ipython3",
   "version": "3.7.4"
  }
 },
 "nbformat": 4,
 "nbformat_minor": 2
}
